0	55
1	26
2	98
3	60
4	67
5	48
6	42
7	33
8	46
9	46
10	26
11	26
12	26
13	100
14	86
15	8
16	82
17	67
18	2
19	82
20	100
21	42
22	46
23	54
24	39
25	100
26	2
27	46
28	33
29	8
30	54
31	67
32	71
33	67
34	8
35	82
36	71
37	33
38	42
39	88
40	67
41	46
42	54
43	20
44	33
45	98
46	80
47	51
48	86
49	26
50	96
51	8
52	100
53	33
54	33
55	8
56	48
57	47
58	100
59	20
60	35
61	33
62	26
63	86
64	42
65	96
66	54
67	26
68	33
69	14
70	98
71	67
72	67
73	59
74	26
75	82
76	96
77	46
78	48
79	82
80	86
81	2
82	100
83	8
84	100
85	82
86	96
87	2
88	82
89	46
90	46
91	48
92	67
93	5
94	91
95	96
96	100
97	46
98	67
99	7
100	21
101	100
102	46
103	48
104	5
105	46
106	82
107	100
108	82
109	67
110	96
111	2
112	48
113	47
114	8
115	94
116	67
117	8
118	48
119	8
120	46
121	35
122	100
123	8
124	82
125	33
126	48
127	100
128	100
129	46
130	82
131	5
132	82
133	82
134	48
135	96
136	100
137	46
138	26
139	46
140	96
141	2
142	59
143	54
144	100
145	48
146	18
147	100
148	48
149	46
150	20
151	46
152	82
153	64
154	8
155	46
156	82
157	8
158	82
159	48
160	46
161	100
162	82
163	33
164	26
165	46
166	100
167	48
168	8
169	82
170	48
171	100
172	20
173	5
174	8
175	5
176	5
177	5
178	7
179	5
180	49
181	44
182	18
183	44
184	18
185	70
186	43
187	1
188	68
189	43
190	10
191	28
192	70
193	70
194	5
195	28
196	43
197	70
198	28
199	5
200	64
201	7
202	43
203	25
204	5
205	5
206	44
207	43
208	61
209	99
210	43
211	49
212	5
213	12
214	28
215	43
216	68
217	5
218	43
219	24
220	21
221	18
222	7
223	43
224	44
225	5
226	68
227	1
228	68
229	43
230	70
231	5
232	28
233	5
234	5
235	99
236	43
237	1
238	5
239	43
240	44
241	43
242	5
243	33
244	43
245	28
246	44
247	28
248	43
249	64
250	44
251	36
252	25
253	5
254	61
255	44
256	21
257	12
258	5
259	5
260	64
261	5
262	68
263	4
264	44
265	18
266	81
267	58
268	68
269	28
270	10
271	68
272	81
273	36
274	30
275	36
276	1
277	5
278	68
279	68
280	12
281	7
282	40
283	74
284	42
285	26
286	20
287	67
288	42
289	59
290	59
291	2
292	59
293	14
294	96
295	39
296	46
297	59
298	59
299	48
300	100
301	33
302	42
303	46
304	42
305	67
306	18
307	59
308	33
309	96
310	74
311	78
312	2
313	14
314	42
315	19
316	48
317	100
318	8
319	100
320	33
321	42
322	68
323	52
324	52
325	67
326	82
327	97
328	67
329	4
330	18
331	6
332	99
333	53
334	4
335	100
336	67
337	38
338	5
339	7
340	5
341	94
342	4
343	5
344	100
345	67
346	69
347	52
348	67
349	4
350	97
351	43
352	4
353	67
354	6
355	5
356	35
357	35
358	11
359	94
360	35
361	99
362	26
363	94
364	72
365	35
366	53
367	63
368	28
369	4
370	68
371	28
372	68
373	52
374	36
375	44
376	100
377	49
378	28
379	100
380	44
381	36
382	1
383	43
384	1
385	67
386	28
387	18
388	1
389	100
390	28
391	48
392	72
393	17
394	81
395	64
396	28
397	43
398	68
399	68
400	8
401	68
402	81
403	43
404	17
405	77
406	100
407	48
408	36
409	68
410	5
411	48
412	100
413	43
414	81
415	44
416	68
417	44
418	64
419	28
420	100
421	94
422	43
423	28
424	53
425	5
426	67
427	48
428	8
429	100
430	67
431	44
432	36
433	17
434	69
435	36
436	22
437	68
438	64
439	6
440	43
441	100
442	49
443	28
444	22
445	64
446	5
447	69
448	43
449	5
450	72
451	82
452	8
453	3
454	42
455	33
456	8
457	48
458	48
459	2
460	67
461	82
462	82
463	47
464	48
465	47
466	20
467	47
468	20
469	67
470	84
471	66
472	40
473	33
474	40
475	67
476	33
477	2
478	47
479	44
480	72
481	68
482	79
483	61
484	99
485	1
486	35
487	95
488	48
489	81
490	27
491	48
492	5
493	84
494	28
495	53
496	5
497	81
498	68
499	21
500	43
501	28
502	43
503	5
504	99
505	100
506	90
507	100
508	5
509	5
510	1
511	68
512	68
513	26
514	48
515	20
516	82
517	5
518	2
519	54
520	83
521	46
522	20
523	5
524	2
525	54
526	82
527	5
528	33
529	33
530	18
531	54
532	18
533	26
534	91
535	33
536	82
537	46
538	18
539	26
540	54
541	54
542	26
543	82
544	67
545	5
546	54
547	86
548	54
549	82
550	44
551	1
552	70
553	5
554	30
555	5
556	5
557	35
558	5
559	12
560	81
561	5
562	36
563	63
564	81
565	5
566	81
567	58
568	10
569	26
570	65
571	13
572	33
573	8
574	51
575	80
576	54
577	33
578	33
579	42
580	66
581	54
582	14
583	54
584	33
585	33
586	33
587	2
588	98
589	62
590	42
591	67
592	32
593	68
594	98
595	33
596	82
597	1
598	76
599	28
600	36
601	4
602	64
603	43
604	4
605	64
606	43
607	84
608	5
609	35
610	99
611	5
612	99
613	64
614	68
615	36
616	5
617	58
618	5
619	36
620	30
621	58
622	35
623	35
624	4
625	36
626	28
627	35
628	83
629	28
630	5
631	99
632	5
633	7
634	99
635	36
636	11
637	28
638	5
639	6
640	36
641	35
642	81
643	36
644	36
645	70
646	5
647	48
648	35
649	7
650	12
651	70
652	79
653	36
654	48
655	43
656	5
657	48
658	5
659	5
660	21
661	81
662	68
663	46
664	1
665	10
666	35
667	81
668	64
669	99
670	5
671	99
672	35
673	43
674	94
675	1
676	68
677	5
678	43
679	35
680	28
681	5
682	36
683	28
684	35
685	5
686	81
687	44
688	99
689	99
690	5
691	5
692	21
693	21
694	99
695	7
696	99
697	5
698	99
699	1
700	35
701	99
702	35
703	35
704	31
705	79
706	43
707	81
708	58
709	82
710	43
711	58
712	28
713	1
714	21
715	6
716	82
717	72
718	11
719	44
720	99
721	77
722	53
723	67
724	6
725	52
726	69
727	12
728	99
729	6
730	83
731	53
732	6
733	67
734	82
735	8
736	67
737	82
738	8
739	8
740	82
741	2
742	82
743	82
744	18
745	8
746	8
747	54
748	82
749	96
750	18
751	18
752	46
753	82
754	54
755	8
756	48
757	82
758	82
759	2
760	8
761	96
762	100
763	6
764	57
765	44
766	44
767	7
768	87
769	47
770	60
771	94
772	74
773	65
774	40
775	26
776	35
777	35
778	19
779	86
780	35
781	100
782	64
783	48
784	64
785	1
786	100
787	43
788	43
789	70
790	24
791	68
792	99
793	100
794	42
795	28
796	34
797	67
798	42
799	68
800	33
801	5
802	86
803	33
804	96
805	38
806	43
807	48
808	44
809	82
810	98
811	38
812	33
813	38
814	20
815	98
816	8
817	100
818	54
819	5
820	42
821	51
822	46
823	40
824	33
825	100
826	44
827	54
828	33
829	33
830	48
831	26
832	51
833	51
834	86
835	42
836	5
837	33
838	43
839	38
840	48
841	86
842	67
843	51
844	86
845	65
846	68
847	8
848	100
849	26
850	33
851	5
852	38
853	46
854	66
855	2
856	69
857	98
858	54
859	32
860	8
861	47
862	33
863	42
864	42
865	43
866	64
867	98
868	86
869	23
870	46
871	36
872	8
873	28
874	70
875	82
876	8
877	5
878	28
879	59
880	26
881	54
882	2
883	73
884	59
885	51
886	100
887	43
888	68
889	59
890	37
891	100
892	28
893	20
894	96
895	33
896	100
897	64
898	28
899	10
900	20
901	34
902	51
903	33
904	19
905	33
906	42
907	33
908	8
909	33
910	5
911	5
912	100
913	24
914	8
915	8
916	82
917	8
918	70
919	8
920	36
921	82
922	8
923	82
924	95
925	33
926	58
927	4
928	35
929	69
930	53
931	5
932	43
933	99
934	15
935	68
936	5
937	35
938	44
939	51
940	44
941	5
942	5
943	5
944	18
945	77
946	5
947	82
948	44
949	5
950	54
951	44
952	5
953	5
954	1
955	18
956	5
957	7
958	43
959	43
960	5
961	30
962	43
963	72
964	46
965	82
966	70
967	83
968	44
969	84
970	52
971	2
972	5
973	5
974	63
975	56
976	4
977	31
978	1
979	94
980	94
981	6
982	35
983	31
984	8
985	67
986	33
987	82
988	8
989	46
990	26
991	48
992	82
993	54
994	82
995	8
996	54
997	42
998	42
999	48
1000	51
1001	38
1002	78
1003	8
1004	51
1005	88
1006	8
1007	51
1008	2
1009	33
1010	8
1011	47
1012	8
1013	82
1014	42
1015	33
1016	54
1017	8
1018	46
1019	46
1020	59
1021	33
1022	2
1023	37
1024	100
1025	67
1026	82
1027	39
1028	51
1029	36
1030	100
1031	54
1032	86
1033	54
1034	46
1035	19
1036	46
1037	47
1038	8
1039	100
1040	2
1041	99
1042	46
1043	31
1044	97
1045	94
1046	27
1047	67
1048	33
1049	8
1050	18
1051	53
1052	67
1053	64
1054	53
1055	67
1056	82
1057	82
1058	53
1059	42
1060	77
1061	82
1062	82
1063	31
1064	31
1065	18
1066	36
1067	8
1068	82
1069	31
1070	67
1071	8
1072	68
1073	33
1074	26
1075	57
1076	14
1077	14
1078	39
1079	79
1080	7
1081	96
1082	86
1083	46
1084	37
1085	8
1086	8
1087	20
1088	20
1089	60
1090	42
1091	80
1092	45
1093	26
1094	14
1095	19
1096	81
1097	23
1098	80
1099	89
1100	39
1101	81
1102	33
1103	33
1104	85
1105	14
1106	5
1107	67
1108	48
1109	79
1110	70
1111	5
1112	68
1113	31
1114	44
1115	1
1116	5
1117	48
1118	44
1119	48
1120	63
1121	48
1122	48
1123	35
1124	99
1125	5
1126	84
1127	20
1128	91
1129	26
1130	67
1131	53
1132	91
1133	6
1134	60
1135	26
1136	20
1137	18
1138	40
1139	52
1140	84
1141	55
1142	84
1143	26
1144	53
1145	18
1146	18
1147	60
1148	6
1149	35
1150	65
1151	6
1152	35
1153	12
1154	5
1155	12
1156	92
1157	68
1158	20
1159	46
1160	63
1161	23
1162	48
1163	20
1164	55
1165	31
1166	44
1167	36
1168	17
1169	68
1170	7
1171	5
1172	18
1173	24
1174	72
1175	8
1176	33
1177	2
1178	82
1179	55
1180	33
1181	2
1182	98
1183	96
1184	54
1185	38
1186	54
1187	40
1188	8
1189	86
1190	2
1191	51
1192	98
1193	42
1194	37
1195	96
1196	37
1197	66
1198	48
1199	48
1200	8
1201	8
1202	51
1203	33
1204	39
1205	37
1206	51
1207	80
1208	46
1209	20
1210	96
1211	33
1212	40
1213	38
1214	85
1215	8
1216	33
1217	82
1218	37
1219	46
1220	98
1221	98
1222	55
1223	98
1224	82
1225	60
1226	67
1227	20
1228	100
1229	80
1230	54
1231	40
1232	33
1233	91
1234	23
1235	46
1236	33
1237	54
1238	54
1239	54
1240	67
1241	54
1242	62
1243	82
1244	26
1245	55
1246	20
1247	26
1248	8
1249	26
1250	42
1251	20
1252	26
1253	40
1254	80
1255	55
1256	82
1257	42
1258	47
1259	40
1260	54
1261	98
1262	39
1263	86
1264	92
1265	54
1266	86
1267	40
1268	86
1269	54
1270	39
1271	39
1272	66
1273	26
1274	42
1275	8
1276	40
1277	88
1278	12
1279	8
1280	1
1281	95
1282	68
1283	8
1284	53
1285	67
1286	8
1287	5
1288	5
1289	56
1290	5
1291	70
1292	32
1293	5
1294	54
1295	54
1296	47
1297	8
1298	26
1299	82
1300	33
1301	22
1302	33
1303	37
1304	8
1305	93
1306	82
1307	5
1308	37
1309	80
1310	98
1311	5
1312	18
1313	98
1314	5
1315	98
1316	88
1317	14
1318	2
1319	60
1320	88
1321	5
1322	18
1323	5
1324	12
1325	64
1326	79
1327	7
1328	46
1329	38
1330	72
1331	96
1332	90
1333	26
1334	98
1335	86
1336	43
1337	72
1338	31
1339	56
1340	26
1341	6
1342	79
1343	31
1344	22
1345	61
1346	52
1347	69
1348	58
1349	72
1350	5
1351	21
1352	79
1353	72
1354	48
1355	67
1356	8
1357	91
1358	82
1359	48
1360	26
1361	5
1362	100
1363	17
1364	67
1365	53
1366	26
1367	33
1368	44
1369	18
1370	33
1371	40
1372	17
1373	53
1374	39
1375	32
1376	8
1377	48
1378	12
1379	100
1380	82
1381	5
1382	18
1383	48
1384	46
1385	5
1386	8
1387	5
1388	61
1389	100
1390	77
1391	68
1392	77
1393	28
1394	5
1395	64
1396	30
1397	36
1398	82
1399	68
1400	72
1401	26
1402	27
1403	55
1404	91
1405	28
1406	40
1407	55
1408	14
1409	82
1410	92
1411	9
1412	80
1413	26
1414	5
1415	30
1416	66
1417	8
1418	79
1419	47
1420	98
1421	86
1422	5
1423	70
1424	66
1425	14
1426	9
1427	54
1428	21
1429	30
1430	86
1431	55
1432	14
1433	12
1434	12
1435	98
1436	81
1437	40
1438	98
1439	57
1440	1
1441	79
1442	44
1443	79
1444	16
1445	5
1446	5
1447	5
1448	97
1449	31
1450	54
1451	22
1452	54
1453	52
1454	72
1455	100
1456	96
1457	8
1458	100
1459	8
1460	67
1461	48
1462	26
1463	48
1464	55
1465	32
1466	55
1467	38
1468	37
1469	46
1470	85
1471	57
1472	59
1473	98
1474	20
1475	20
1476	92
1477	48
1478	42
1479	21
1480	91
1481	33
1482	33
1483	55
1484	48
1485	55
1486	97
1487	46
1488	49
1489	2
1490	15
1491	53
1492	54
1493	40
1494	38
1495	46
1496	23
1497	31
1498	43
1499	48
1500	31
1501	83
1502	48
1503	67
1504	67
1505	77
1506	70
1507	5
1508	42
1509	99
1510	99
1511	93
1512	64
1513	5
1514	94
1515	99
1516	98
1517	94
1518	33
1519	99
1520	99
1521	99
1522	49
1523	99
1524	63
1525	92
1526	40
1527	68
1528	4
1529	5
1530	81
1531	2
1532	1
1533	24
1534	60
1535	8
1536	8
1537	2
1538	8
1539	18
1540	18
1541	18
1542	44
1543	21
1544	79
1545	81
1546	18
1547	2
1548	8
1549	8
1550	63
1551	44
1552	8
1553	67
1554	8
1555	8
1556	67
1557	67
1558	82
1559	24
1560	74
1561	39
1562	20
1563	21
1564	68
1565	68
1566	68
1567	99
1568	68
1569	82
1570	82
1571	42
1572	63
1573	61
1574	82
1575	46
1576	46
1577	1
1578	82
1579	82
1580	36
1581	100
1582	67
1583	8
1584	8
1585	48
1586	42
1587	96
1588	19
1589	96
1590	11
1591	64
1592	35
1593	35
1594	64
1595	21
1596	26
1597	44
1598	91
1599	2
1600	5
1601	5
1602	48
1603	82
1604	82
1605	31
1606	94
1607	6
1608	52
1609	69
1610	84
1611	43
1612	18
1613	100
1614	96
1615	8
1616	77
1617	5
1618	59
1619	60
1620	79
1621	5
1622	5
1623	59
1624	62
1625	9
1626	82
1627	8
1628	21
1629	85
1630	48
1631	1
1632	46
1633	100
1634	100
1635	100
1636	8
1637	18
1638	2
1639	2
1640	96
1641	67
1642	67
1643	8
1644	8
1645	100
1646	44
1647	5
1648	72
1649	97
1650	90
1651	72
1652	99
1653	17
1654	4
1655	99
1656	76
1657	38
1658	67
1659	33
1660	20
1661	8
1662	48
1663	33
1664	100
1665	100
1666	100
1667	2
1668	8
1669	82
1670	20
1671	33
1672	2
1673	8
1674	82
1675	100
1676	67
1677	33
1678	48
1679	100
1680	82
1681	48
1682	100
1683	8
1684	79
1685	37
1686	37
1687	100
1688	82
1689	88
1690	39
1691	100
1692	96
1693	23
1694	98
1695	20
1696	96
1697	8
1698	80
1699	96
1700	8
1701	19
1702	2
1703	82
1704	66
1705	46
1706	92
1707	25
1708	96
1709	96
1710	82
1711	46
1712	82
1713	8
1714	55
1715	50
1716	65
1717	51
1718	82
1719	32
1720	98
1721	47
1722	33
1723	60
1724	40
1725	100
1726	20
1727	75
1728	66
1729	82
1730	96
1731	51
1732	2
1733	51
1734	75
1735	62
1736	33
1737	19
1738	82
1739	80
1740	33
1741	100
1742	82
1743	48
1744	27
1745	49
1746	17
1747	5
1748	53
1749	39
1750	70
1751	2
1752	64
1753	21
1754	35
1755	5
1756	99
1757	5
1758	44
1759	87
1760	24
1761	5
1762	1
1763	12
1764	21
1765	5
1766	61
1767	79
1768	17
1769	12
1770	82
1771	72
1772	21
1773	8
1774	97
1775	5
1776	44
1777	52
1778	4
1779	31
1780	52
1781	4
1782	76
1783	99
1784	4
1785	2
1786	67
1787	46
1788	46
1789	91
1790	43
1791	53
1792	26
1793	43
1794	26
1795	23
1796	100
1797	67
1798	33
1799	100
1800	42
1801	33
1802	96
1803	67
1804	96
1805	54
1806	82
1807	32
1808	54
1809	6
1810	8
1811	48
1812	35
1813	100
1814	26
1815	24
1816	30
1817	48
1818	72
1819	82
1820	48
1821	100
1822	11
1823	67
1824	82
1825	50
1826	54
1827	52
1828	83
1829	50
1830	20
1831	100
1832	47
1833	67
1834	14
1835	48
1836	59
1837	82
1838	8
1839	100
1840	82
1841	20
1842	26
1843	37
1844	82
1845	8
1846	8
1847	8
1848	33
1849	2
1850	48
1851	48
1852	33
1853	33
1854	96
1855	48
1856	46
1857	67
1858	38
1859	62
1860	67
1861	8
1862	82
1863	13
1864	26
1865	82
1866	82
1867	82
1868	8
1869	26
1870	14
1871	96
1872	33
1873	2
1874	33
1875	67
1876	46
1877	96
1878	8
1879	8
1880	2
1881	82
1882	47
1883	57
1884	39
1885	82
1886	96
1887	48
1888	100
1889	67
1890	8
1891	54
1892	26
1893	51
1894	54
1895	54
1896	33
1897	82
1898	100
1899	67
1900	82
1901	33
1902	20
1903	88
1904	71
1905	47
1906	18
1907	8
1908	46
1909	96
1910	42
1911	33
1912	42
1913	42
1914	42
1915	40
1916	100
1917	100
1918	82
1919	67
1920	36
1921	68
1922	7
1923	35
1924	82
1925	98
1926	1
1927	82
1928	2
1929	35
1930	31
1931	5
1932	7
1933	100
1934	6
1935	56
1936	56
1937	56
1938	56
1939	6
1940	6
1941	6
1942	56
1943	6
1944	52
1945	97
1946	21
1947	8
1948	2
1949	25
1950	5
1951	48
1952	46
1953	35
1954	54
1955	79
1956	1
1957	12
1958	30
1959	95
1960	79
1961	5
1962	34
1963	72
1964	64
1965	44
1966	96
1967	100
1968	37
1969	5
1970	26
1971	82
1972	67
1973	49
1974	51
1975	35
1976	72
1977	4
1978	5
1979	33
1980	8
1981	20
1982	96
1983	14
1984	82
1985	33
1986	19
1987	89
1988	14
1989	8
1990	72
1991	33
1992	68
1993	35
1994	82
1995	82
1996	18
1997	8
1998	5
1999	53
2000	55
2001	92
2002	32
2003	99
2004	5
2005	72
2006	94
2007	1
2008	18
2009	44
2010	5
2011	64
2012	5
2013	5
2014	42
2015	54
2016	21
2017	38
2018	80
2019	42
2020	40
2021	8
2022	8
2023	46
2024	48
2025	100
2026	18
2027	8
2028	10
2029	30
2030	81
2031	81
2032	1
2033	5
2034	1
2035	30
2036	44
2037	44
2038	1
2039	99
2040	18
2041	48
2042	67
2043	5
2044	1
2045	36
2046	64
2047	82
2048	5
2049	5
2050	5
2051	87
2052	36
2053	44
2054	21
2055	93
2056	77
2057	100
2058	30
2059	61
2060	91
2061	5
2062	30
2063	36
2064	36
2065	11
2066	20
2067	82
2068	99
2069	18
2070	7
2071	10
2072	99
2073	72
2074	72
2075	35
2076	28
2077	1
2078	33
2079	64
2080	18
2081	69
2082	24
2083	10
2084	44
2085	35
2086	81
2087	11
2088	5
2089	35
2090	4
2091	1
2092	5
2093	81
2094	18
2095	44
2096	63
2097	36
2098	18
2099	68
2100	44
2101	44
2102	49
2103	28
2104	81
2105	5
2106	68
2107	68
2108	94
2109	35
2110	5
2111	83
2112	1
2113	35
2114	33
2115	48
2116	48
2117	6
2118	68
2119	93
2120	47
2121	99
2122	94
2123	94
2124	99
2125	6
2126	60
2127	97
2128	90
2129	26
2130	72
2131	68
2132	43
2133	44
2134	64
2135	83
2136	5
2137	28
2138	5
2139	90
2140	82
2141	79
2142	5
2143	5
2144	5
2145	5
2146	5
2147	18
2148	5
2149	48
2150	40
2151	47
2152	14
2153	14
2154	14
2155	33
2156	14
2157	14
2158	96
2159	82
2160	100
2161	14
2162	28
2163	29
2164	7
2165	100
2166	100
2167	26
2168	21
2169	40
2170	18
2171	46
2172	84
2173	48
2174	24
2175	42
2176	26
2177	64
2178	44
2179	43
2180	72
2181	52
2182	43
2183	82
2184	35
2185	72
2186	82
2187	18
2188	26
2189	42
2190	20
2191	54
2192	86
2193	71
2194	52
2195	4
2196	38
2197	79
2198	54
2199	18
2200	96
2201	54
2202	8
2203	82
2204	70
2205	93
2206	5
2207	5
2208	23
2209	33
2210	36
2211	83
2212	88
2213	39
2214	93
2215	8
2216	89
2217	42
2218	67
2219	69
2220	15
2221	96
2222	10
2223	93
2224	5
2225	97
2226	53
2227	5
2228	56
2229	44
2230	36
2231	1
2232	70
2233	50
2234	31
2235	48
2236	8
2237	94
2238	18
2239	18
2240	100
2241	100
2242	100
2243	20
2244	1
2245	69
2246	5
2247	79
2248	84
2249	67
2250	10
2251	28
2252	93
2253	53
2254	52
2255	48
2256	49
2257	64
2258	18
2259	72
2260	33
2261	72
2262	30
2263	26
2264	82
2265	18
2266	84
2267	100
2268	40
2269	68
2270	30
2271	30
2272	46
2273	8
2274	8
2275	48
2276	99
2277	53
2278	82
2279	100
2280	58
2281	11
2282	17
2283	36
2284	5
2285	64
2286	97
2287	17
2288	28
2289	5
2290	100
2291	35
2292	11
2293	26
2294	61
2295	79
2296	18
2297	79
2298	72
2299	5
2300	30
2301	84
2302	36
2303	35
2304	36
2305	99
2306	8
2307	5
2308	83
2309	42
2310	22
2311	53
2312	58
2313	53
2314	53
2315	53
2316	99
2317	52
2318	35
2319	32
2320	98
2321	38
2322	55
2323	33
2324	2
2325	32
2326	82
2327	42
2328	70
2329	23
2330	55
2331	60
2332	60
2333	69
2334	35
2335	4
2336	20
2337	20
2338	11
2339	90
2340	12
2341	61
2342	61
2343	61
2344	5
2345	8
2346	80
2347	82
2348	7
2349	94
2350	44
2351	86
2352	4
2353	40
2354	99
2355	53
2356	1
2357	36
2358	33
2359	8
2360	80
2361	100
2362	10
2363	10
2364	61
2365	49
2366	70
2367	44
2368	36
2369	82
2370	68
2371	44
2372	17
2373	7
2374	33
2375	26
2376	93
2377	27
2378	5
2379	5
2380	18
2381	44
2382	82
2383	15
2384	43
2385	83
2386	27
2387	21
2388	48
2389	48
2390	54
2391	54
2392	67
2393	46
2394	67
2395	98
2396	42
2397	42
2398	84
2399	18
2400	42
2401	10
2402	82
2403	84
2404	48
2405	18
2406	52
2407	18
2408	18
2409	90
2410	64
2411	79
2412	18
2413	32
2414	55
2415	48
2416	19
2417	7
2418	35
2419	100
2420	77
2421	82
2422	48
2423	48
2424	33
2425	33
2426	2
2427	64
2428	5
2429	44
2430	64
2431	36
2432	82
2433	17
2434	9
2435	32
2436	40
2437	98
2438	54
2439	33
2440	2
2441	6
2442	18
2443	31
2444	33
2445	43
2446	54
2447	98
2448	57
2449	88
2450	66
2451	82
2452	55
2453	70
2454	18
2455	5
2456	48
2457	8
2458	19
2459	5
2460	100
2461	82
2462	59
2463	17
2464	68
2465	21
2466	21
2467	100
2468	5
2469	82
2470	36
2471	5
2472	72
2473	74
2474	5
2475	8
2476	82
2477	24
2478	5
2479	5
2480	5
2481	44
2482	5
2483	35
2484	43
2485	68
2486	70
2487	36
2488	90
2489	87
2490	8
2491	26
2492	91
2493	82
2494	84
2495	67
2496	67
2497	82
2498	33
2499	82
2500	54
2501	17
2502	82
2503	44
2504	82
2505	35
2506	5
2507	5
2508	7
2509	97
2510	94
2511	35
2512	31
2513	67
2514	72
2515	31
2516	87
2517	8
2518	100
2519	43
2520	53
2521	51
2522	70
2523	31
2524	49
2525	31
2526	5
2527	87
2528	15
2529	52
2530	52
2531	31
2532	87
2533	70
2534	92
2535	80
2536	8
2537	18
2538	18
2539	99
2540	48
2541	5
2542	5
2543	61
2544	79
2545	90
2546	79
2547	90
2548	79
2549	15
2550	100
2551	35
2552	43
2553	96
2554	38
2555	8
2556	53
2557	31
2558	97
2559	31
2560	98
2561	6
2562	35
2563	93
2564	94
2565	6
2566	94
2567	5
2568	5
2569	53
2570	97
2571	94
2572	6
2573	6
2574	58
2575	100
2576	54
2577	100
2578	54
2579	33
2580	79
2581	79
2582	5
2583	63
2584	2
2585	33
2586	33
2587	21
2588	72
2589	82
2590	54
2591	54
2592	98
2593	54
2594	70
2595	30
2596	68
2597	70
2598	33
2599	93
2600	33
2601	33
2602	5
2603	38
2604	33
2605	91
2606	57
2607	48
2608	8
2609	8
2610	91
2611	35
2612	82
2613	79
2614	12
2615	44
2616	5
2617	90
2618	1
2619	100
2620	18
2621	28
2622	81
2623	72
2624	64
2625	83
2626	11
2627	5
2628	22
2629	91
2630	60
2631	79
2632	79
2633	12
2634	79
2635	12
2636	90
2637	17
2638	18
2639	82
2640	7
2641	7
2642	28
2643	49
2644	26
2645	27
2646	18
2647	8
2648	36
2649	96
2650	42
2651	33
2652	46
2653	67
2654	92
2655	69
2656	47
2657	85
2658	91
2659	46
2660	79
2661	90
2662	36
2663	79
2664	63
2665	12
2666	79
2667	90
2668	44
2669	82
2670	18
2671	46
2672	100
2673	96
2674	59
2675	42
2676	37
2677	46
2678	42
2679	14
2680	47
2681	37
2682	100
2683	39
2684	59
2685	39
2686	88
2687	59
2688	23
2689	39
2690	39
2691	42
2692	37
2693	8
2694	11
2695	70
2696	49
2697	80
2698	48
2699	33
2700	33
2701	33
2702	61
2703	48
2704	70
2705	30
2706	26
2707	30
2708	61
2709	8
2710	8
2711	48
2712	32
2713	37
2714	6
2715	25
2716	53
2717	35
2718	97
2719	28
2720	5
2721	70
2722	18
2723	43
2724	5
2725	43
2726	17
2727	68
2728	44
2729	2
2730	8
2731	5
2732	82
2733	67
2734	14
2735	20
2736	55
2737	71
2738	8
2739	8
2740	8
2741	100
2742	39
2743	25
2744	8
2745	5
2746	18
2747	79
2748	71
2749	1
2750	5
2751	26
2752	85
2753	51
2754	47
2755	64
2756	38
2757	68
2758	48
2759	35
2760	99
2761	93
2762	61
2763	5
2764	33
2765	54
2766	33
2767	33
2768	82
2769	93
2770	94
2771	94
2772	48
2773	33
2774	68
2775	38
2776	92
2777	38
2778	2
2779	67
2780	33
2781	2
2782	48
2783	82
2784	26
2785	48
2786	5
2787	61
2788	72
2789	36
2790	82
2791	84
2792	35
2793	98
2794	94
2795	13
2796	30
2797	99
2798	67
2799	33
2800	5
2801	25
2802	30
2803	1
2804	63
2805	56
2806	81
2807	46
2808	99
2809	48
2810	5
2811	46
2812	58
2813	81
2814	63
2815	25
2816	93
2817	43
2818	99
2819	91
2820	91
2821	18
2822	94
2823	68
2824	5
2825	5
2826	79
2827	64
2828	5
2829	8
2830	5
2831	67
2832	91
2833	32
2834	47
2835	100
2836	42
2837	77
2838	12
2839	47
2840	84
2841	26
2842	46
2843	48
2844	48
2845	72
2846	72
2847	82
2848	82
2849	32
2850	54
2851	5
2852	91
2853	8
2854	35
2855	67
2856	67
2857	100
2858	5
2859	8
2860	54
2861	86
2862	9
2863	85
2864	46
2865	29
2866	96
2867	32
2868	68
2869	2
2870	79
2871	5
2872	98
2873	23
2874	33
2875	37
2876	74
2877	14
2878	7
2879	83
2880	8
2881	86
2882	94
2883	48
2884	5
2885	96
2886	39
2887	42
2888	88
2889	96
2890	26
2891	40
2892	48
2893	67
2894	14
2895	90
2896	67
2897	33
2898	48
2899	82
2900	43
2901	36
2902	67
2903	33
2904	82
2905	99
2906	77
2907	69
2908	30
2909	18
2910	40
2911	80
2912	36
2913	2
2914	92
2915	72
2916	44
2917	44
2918	67
2919	96
2920	26
2921	48
2922	54
2923	7
2924	36
2925	5
2926	68
2927	36
2928	5
2929	18
2930	46
2931	70
2932	91
2933	31
2934	36
2935	2
2936	66
2937	96
2938	82
2939	57
2940	86
2941	71
2942	38
2943	13
2944	66
2945	42
2946	70
2947	76
2948	4
2949	5
2950	70
2951	63
2952	18
2953	69
2954	96
2955	42
2956	91
2957	6
2958	17
2959	8
2960	67
2961	2
2962	100
2963	30
2964	31
2965	5
2966	5
2967	36
2968	18
2969	5
2970	30
2971	44
2972	99
2973	55
2974	21
2975	67
2976	42
2977	36
2978	44
2979	7
2980	100
2981	2
2982	41
2983	84
2984	26
2985	18
2986	72
2987	18
2988	39
2989	5
2990	33
2991	66
2992	37
2993	12
2994	84
2995	82
2996	38
2997	79
2998	82
2999	5
3000	43
3001	68
3002	37
3003	8
3004	39
3005	73
3006	43
3007	18
3008	66
3009	1
3010	6
3011	31
3012	35
3013	99
3014	5
3015	69
3016	60
3017	10
3018	28
3019	86
3020	46
3021	98
3022	5
3023	67
3024	77
3025	26
3026	86
3027	84
3028	36
3029	54
3030	54
3031	33
3032	40
3033	82
3034	5
3035	43
3036	11
3037	19
3038	24
3039	59
3040	58
3041	68
3042	36
3043	53
3044	28
3045	5
3046	67
3047	47
3048	33
3049	33
3050	42
3051	59
3052	71
3053	43
3054	91
3055	48
3056	68
3057	94
3058	27
3059	5
3060	66
3061	74
3062	74
3063	46
3064	42
3065	68
3066	26
3067	14
3068	33
3069	28
3070	13
3071	48
3072	8
3073	13
3074	50
3075	8
3076	33
3077	45
3078	67
3079	59
3080	80
3081	86
3082	19
3083	67
3084	34
3085	33
3086	100
3087	38
3088	35
3089	53
3090	5
3091	82
3092	2
3093	70
3094	26
3095	91
3096	5
3097	64
3098	36
3099	77
3100	38
3101	66
3102	54
3103	98
3104	98
3105	2
3106	67
3107	82
3108	32
3109	70
3110	66
3111	8
3112	46
3113	84
3114	33
3115	8
3116	48
3117	18
3118	18
3119	91
3120	70
3121	18
3122	48
3123	5
3124	99
3125	87
3126	26
3127	18
3128	23
3129	79
3130	33
3131	36
3132	2
3133	7
3134	8
3135	96
3136	59
3137	2
3138	67
3139	33
3140	79
3141	34
