0	9
1	5
2	6
3	1
4	5
5	5
6	5
7	5
8	1
9	5
10	5
11	5
12	5
13	5
14	5
15	5
16	5
17	5
18	5
19	5
20	5
21	5
22	5
23	5
24	6
25	5
26	5
27	5
28	5
29	5
30	5
31	5
32	5
33	5
34	5
35	5
36	5
37	5
38	5
39	6
40	5
41	5
42	5
43	1
44	5
45	6
46	6
47	1
48	5
49	5
50	5
51	5
52	5
53	5
54	5
55	5
56	5
57	5
58	5
59	1
60	10
61	5
62	5
63	5
64	5
65	5
66	5
67	5
68	5
69	6
70	6
71	5
72	5
73	1
74	5
75	5
76	5
77	5
78	5
79	5
80	5
81	5
82	5
83	5
84	5
85	5
86	5
87	5
88	5
89	5
90	5
91	5
92	5
93	4
94	1
95	5
96	5
97	5
98	5
99	10
100	4
101	5
102	5
103	5
104	4
105	5
106	5
107	5
108	5
109	5
110	5
111	5
112	5
113	5
114	5
115	10
116	5
117	5
118	5
119	5
120	5
121	10
122	5
123	5
124	5
125	5
126	5
127	5
128	5
129	5
130	5
131	4
132	5
133	5
134	5
135	5
136	5
137	5
138	5
139	5
140	5
141	5
142	1
143	5
144	5
145	5
146	2
147	5
148	5
149	5
150	1
151	5
152	5
153	4
154	5
155	5
156	5
157	5
158	5
159	5
160	5
161	5
162	5
163	5
164	5
165	5
166	5
167	5
168	5
169	5
170	5
171	5
172	1
173	4
174	5
175	4
176	4
177	4
178	10
179	4
180	7
181	4
182	2
183	4
184	2
185	4
186	4
187	4
188	4
189	4
190	4
191	4
192	4
193	4
194	4
195	4
196	4
197	4
198	4
199	4
200	4
201	10
202	4
203	2
204	4
205	4
206	4
207	4
208	2
209	10
210	4
211	7
212	4
213	2
214	4
215	4
216	4
217	4
218	4
219	2
220	4
221	4
222	10
223	4
224	4
225	4
226	4
227	4
228	4
229	4
230	4
231	4
232	4
233	4
234	4
235	10
236	4
237	4
238	4
239	4
240	4
241	4
242	4
243	5
244	4
245	4
246	4
247	4
248	4
249	4
250	4
251	4
252	2
253	4
254	2
255	4
256	4
257	2
258	4
259	4
260	4
261	4
262	4
263	8
264	4
265	4
266	4
267	10
268	4
269	4
270	4
271	4
272	4
273	4
274	4
275	4
276	4
277	4
278	4
279	4
280	2
281	10
282	5
283	6
284	5
285	5
286	1
287	5
288	5
289	1
290	1
291	5
292	1
293	6
294	5
295	6
296	5
297	1
298	1
299	5
300	5
301	5
302	5
303	5
304	5
305	5
306	2
307	1
308	5
309	5
310	6
311	1
312	5
313	6
314	5
315	1
316	5
317	5
318	5
319	5
320	5
321	5
322	4
323	8
324	8
325	5
326	5
327	8
328	5
329	8
330	2
331	8
332	10
333	7
334	8
335	5
336	5
337	5
338	4
339	10
340	4
341	10
342	8
343	4
344	5
345	5
346	7
347	8
348	5
349	8
350	8
351	4
352	8
353	5
354	8
355	4
356	10
357	10
358	10
359	10
360	10
361	10
362	5
363	10
364	4
365	10
366	7
367	2
368	4
369	8
370	4
371	4
372	4
373	8
374	4
375	4
376	5
377	7
378	4
379	5
380	4
381	4
382	4
383	4
384	4
385	5
386	4
387	2
388	4
389	5
390	4
391	5
392	4
393	4
394	4
395	4
396	4
397	4
398	4
399	4
400	5
401	4
402	4
403	4
404	4
405	7
406	5
407	5
408	4
409	4
410	4
411	5
412	5
413	4
414	4
415	4
416	4
417	4
418	4
419	4
420	5
421	10
422	4
423	4
424	7
425	4
426	5
427	5
428	5
429	5
430	5
431	4
432	4
433	4
434	7
435	4
436	7
437	4
438	4
439	8
440	4
441	5
442	7
443	4
444	7
445	4
446	4
447	7
448	4
449	4
450	4
451	5
452	5
453	3
454	5
455	5
456	5
457	5
458	5
459	5
460	5
461	5
462	5
463	5
464	5
465	5
466	1
467	5
468	1
469	5
470	4
471	6
472	5
473	5
474	5
475	5
476	5
477	5
478	5
479	4
480	4
481	4
482	2
483	2
484	10
485	4
486	10
487	2
488	5
489	4
490	7
491	5
492	4
493	4
494	4
495	7
496	4
497	4
498	4
499	4
500	4
501	4
502	4
503	4
504	10
505	5
506	2
507	5
508	4
509	4
510	4
511	4
512	4
513	5
514	5
515	1
516	5
517	4
518	5
519	5
520	7
521	5
522	1
523	4
524	5
525	5
526	5
527	4
528	5
529	5
530	4
531	5
532	2
533	5
534	1
535	5
536	5
537	5
538	2
539	5
540	5
541	5
542	5
543	5
544	5
545	4
546	5
547	5
548	5
549	5
550	4
551	4
552	4
553	4
554	4
555	4
556	4
557	10
558	4
559	2
560	4
561	4
562	4
563	2
564	4
565	4
566	4
567	7
568	4
569	5
570	1
571	5
572	5
573	5
574	1
575	5
576	5
577	5
578	5
579	5
580	6
581	5
582	6
583	5
584	5
585	5
586	5
587	5
588	6
589	1
590	5
591	5
592	5
593	4
594	6
595	5
596	5
597	4
598	10
599	4
600	4
601	8
602	4
603	4
604	8
605	4
606	4
607	4
608	4
609	10
610	10
611	4
612	10
613	4
614	4
615	4
616	4
617	7
618	4
619	4
620	4
621	7
622	10
623	10
624	8
625	4
626	4
627	10
628	7
629	4
630	4
631	10
632	4
633	10
634	10
635	4
636	10
637	4
638	4
639	8
640	4
641	10
642	4
643	4
644	4
645	4
646	4
647	5
648	10
649	10
650	2
651	4
652	2
653	4
654	5
655	4
656	4
657	5
658	4
659	4
660	4
661	4
662	4
663	5
664	4
665	4
666	10
667	4
668	4
669	10
670	4
671	10
672	10
673	4
674	10
675	4
676	4
677	4
678	4
679	10
680	4
681	4
682	4
683	4
684	10
685	4
686	4
687	4
688	10
689	10
690	4
691	4
692	4
693	4
694	10
695	10
696	10
697	4
698	10
699	4
700	10
701	10
702	10
703	10
704	8
705	2
706	4
707	4
708	8
709	5
710	4
711	10
712	4
713	4
714	4
715	8
716	5
717	4
718	10
719	4
720	10
721	7
722	7
723	5
724	8
725	8
726	7
727	2
728	10
729	8
730	7
731	7
732	8
733	5
734	5
735	5
736	5
737	5
738	5
739	5
740	5
741	5
742	5
743	5
744	2
745	5
746	5
747	5
748	5
749	5
750	2
751	2
752	5
753	5
754	5
755	5
756	5
757	5
758	5
759	5
760	5
761	5
762	5
763	8
764	9
765	4
766	4
767	10
768	7
769	5
770	1
771	10
772	6
773	1
774	5
775	5
776	10
777	10
778	1
779	5
780	10
781	5
782	4
783	5
784	4
785	4
786	5
787	4
788	4
789	4
790	2
791	4
792	10
793	5
794	5
795	4
796	1
797	5
798	5
799	4
800	5
801	4
802	5
803	5
804	5
805	5
806	4
807	5
808	4
809	5
810	6
811	5
812	5
813	5
814	1
815	6
816	5
817	5
818	5
819	4
820	5
821	1
822	5
823	5
824	5
825	5
826	4
827	5
828	5
829	5
830	5
831	5
832	1
833	1
834	5
835	5
836	4
837	5
838	4
839	5
840	5
841	5
842	5
843	1
844	5
845	1
846	4
847	5
848	5
849	5
850	5
851	4
852	5
853	5
854	6
855	5
856	7
857	6
858	5
859	5
860	5
861	5
862	5
863	5
864	5
865	4
866	4
867	6
868	5
869	6
870	5
871	4
872	5
873	4
874	4
875	5
876	5
877	4
878	4
879	1
880	5
881	5
882	5
883	5
884	1
885	1
886	5
887	4
888	4
889	1
890	1
891	5
892	4
893	1
894	5
895	5
896	5
897	4
898	4
899	4
900	1
901	5
902	1
903	5
904	1
905	5
906	5
907	5
908	5
909	5
910	4
911	4
912	5
913	2
914	5
915	5
916	5
917	5
918	4
919	5
920	4
921	5
922	5
923	5
924	2
925	5
926	7
927	8
928	10
929	7
930	7
931	4
932	4
933	10
934	7
935	4
936	4
937	10
938	4
939	1
940	4
941	4
942	4
943	4
944	2
945	7
946	4
947	5
948	4
949	4
950	5
951	4
952	4
953	4
954	4
955	4
956	4
957	10
958	4
959	4
960	4
961	4
962	4
963	4
964	5
965	5
966	4
967	7
968	4
969	4
970	8
971	5
972	4
973	4
974	2
975	8
976	8
977	8
978	4
979	10
980	10
981	8
982	10
983	8
984	5
985	5
986	5
987	5
988	5
989	5
990	5
991	5
992	5
993	5
994	5
995	5
996	5
997	5
998	5
999	5
1000	1
1001	5
1002	1
1003	5
1004	1
1005	6
1006	5
1007	1
1008	5
1009	5
1010	5
1011	5
1012	5
1013	5
1014	5
1015	5
1016	5
1017	5
1018	5
1019	5
1020	1
1021	5
1022	5
1023	1
1024	5
1025	5
1026	5
1027	6
1028	1
1029	4
1030	5
1031	5
1032	5
1033	5
1034	5
1035	1
1036	5
1037	5
1038	5
1039	5
1040	5
1041	10
1042	5
1043	8
1044	8
1045	10
1046	7
1047	5
1048	5
1049	5
1050	2
1051	7
1052	5
1053	4
1054	7
1055	5
1056	5
1057	5
1058	7
1059	5
1060	4
1061	5
1062	5
1063	8
1064	8
1065	2
1066	4
1067	5
1068	5
1069	8
1070	5
1071	5
1072	4
1073	5
1074	5
1075	9
1076	6
1077	6
1078	6
1079	2
1080	10
1081	1
1082	5
1083	5
1084	1
1085	5
1086	5
1087	1
1088	1
1089	1
1090	5
1091	6
1092	6
1093	5
1094	6
1095	1
1096	4
1097	6
1098	6
1099	1
1100	6
1101	4
1102	5
1103	5
1104	6
1105	6
1106	4
1107	5
1108	5
1109	2
1110	4
1111	4
1112	4
1113	8
1114	4
1115	4
1116	4
1117	5
1118	4
1119	5
1120	2
1121	5
1122	5
1123	10
1124	10
1125	4
1126	4
1127	1
1128	1
1129	5
1130	5
1131	7
1132	1
1133	8
1134	1
1135	5
1136	1
1137	2
1138	5
1139	8
1140	4
1141	9
1142	4
1143	5
1144	7
1145	2
1146	2
1147	1
1148	8
1149	10
1150	1
1151	8
1152	10
1153	2
1154	4
1155	2
1156	9
1157	4
1158	1
1159	5
1160	2
1161	6
1162	5
1163	1
1164	9
1165	8
1166	4
1167	4
1168	4
1169	4
1170	10
1171	4
1172	2
1173	2
1174	4
1175	5
1176	5
1177	5
1178	5
1179	9
1180	5
1181	5
1182	6
1183	5
1184	5
1185	5
1186	5
1187	5
1188	5
1189	5
1190	5
1191	1
1192	6
1193	5
1194	1
1195	5
1196	6
1197	6
1198	5
1199	5
1200	5
1201	5
1202	1
1203	5
1204	6
1205	1
1206	1
1207	6
1208	5
1209	1
1210	5
1211	5
1212	5
1213	5
1214	6
1215	5
1216	5
1217	5
1218	1
1219	5
1220	6
1221	6
1222	9
1223	6
1224	5
1225	1
1226	5
1227	1
1228	5
1229	6
1230	5
1231	5
1232	5
1233	5
1234	6
1235	5
1236	5
1237	5
1238	5
1239	5
1240	5
1241	5
1242	1
1243	5
1244	5
1245	9
1246	1
1247	5
1248	5
1249	5
1250	5
1251	1
1252	5
1253	5
1254	6
1255	9
1256	5
1257	5
1258	5
1259	5
1260	5
1261	6
1262	6
1263	5
1264	9
1265	5
1266	5
1267	5
1268	5
1269	5
1270	6
1271	6
1272	6
1273	5
1274	5
1275	5
1276	5
1277	1
1278	2
1279	5
1280	4
1281	2
1282	4
1283	5
1284	7
1285	5
1286	5
1287	4
1288	4
1289	8
1290	4
1291	4
1292	5
1293	4
1294	5
1295	5
1296	5
1297	5
1298	5
1299	5
1300	5
1301	7
1302	5
1303	1
1304	5
1305	7
1306	5
1307	4
1308	1
1309	6
1310	6
1311	4
1312	2
1313	6
1314	4
1315	6
1316	6
1317	6
1318	5
1319	1
1320	6
1321	4
1322	4
1323	4
1324	2
1325	4
1326	2
1327	10
1328	5
1329	5
1330	4
1331	5
1332	2
1333	5
1334	6
1335	5
1336	4
1337	4
1338	8
1339	8
1340	5
1341	8
1342	2
1343	8
1344	7
1345	2
1346	8
1347	7
1348	10
1349	4
1350	4
1351	4
1352	2
1353	4
1354	5
1355	5
1356	5
1357	1
1358	5
1359	5
1360	5
1361	4
1362	5
1363	4
1364	5
1365	7
1366	5
1367	5
1368	4
1369	4
1370	5
1371	5
1372	4
1373	7
1374	6
1375	5
1376	5
1377	5
1378	2
1379	5
1380	5
1381	4
1382	2
1383	5
1384	5
1385	4
1386	5
1387	4
1388	2
1389	5
1390	7
1391	4
1392	7
1393	4
1394	4
1395	4
1396	4
1397	4
1398	5
1399	4
1400	4
1401	5
1402	7
1403	9
1404	5
1405	4
1406	5
1407	9
1408	6
1409	5
1410	9
1411	9
1412	6
1413	5
1414	4
1415	4
1416	6
1417	5
1418	2
1419	5
1420	6
1421	5
1422	4
1423	4
1424	6
1425	6
1426	6
1427	5
1428	4
1429	4
1430	5
1431	9
1432	6
1433	2
1434	2
1435	6
1436	4
1437	5
1438	6
1439	9
1440	4
1441	2
1442	4
1443	2
1444	6
1445	4
1446	4
1447	4
1448	8
1449	8
1450	5
1451	7
1452	5
1453	8
1454	4
1455	5
1456	5
1457	5
1458	5
1459	5
1460	5
1461	5
1462	5
1463	5
1464	9
1465	5
1466	9
1467	5
1468	5
1469	5
1470	6
1471	9
1472	1
1473	6
1474	1
1475	1
1476	9
1477	5
1478	5
1479	4
1480	1
1481	5
1482	5
1483	9
1484	5
1485	6
1486	8
1487	5
1488	7
1489	5
1490	7
1491	7
1492	5
1493	5
1494	5
1495	5
1496	6
1497	8
1498	4
1499	5
1500	8
1501	7
1502	5
1503	5
1504	5
1505	7
1506	4
1507	4
1508	5
1509	10
1510	10
1511	7
1512	4
1513	4
1514	10
1515	10
1516	6
1517	10
1518	5
1519	10
1520	10
1521	10
1522	7
1523	10
1524	2
1525	9
1526	5
1527	4
1528	8
1529	4
1530	4
1531	5
1532	4
1533	2
1534	1
1535	5
1536	5
1537	5
1538	5
1539	2
1540	2
1541	2
1542	4
1543	4
1544	2
1545	4
1546	2
1547	5
1548	5
1549	5
1550	2
1551	4
1552	5
1553	5
1554	5
1555	5
1556	5
1557	5
1558	5
1559	2
1560	6
1561	6
1562	1
1563	4
1564	4
1565	4
1566	4
1567	10
1568	4
1569	5
1570	5
1571	5
1572	2
1573	2
1574	5
1575	5
1576	5
1577	4
1578	5
1579	5
1580	4
1581	5
1582	5
1583	5
1584	5
1585	5
1586	5
1587	5
1588	1
1589	5
1590	10
1591	4
1592	10
1593	10
1594	4
1595	4
1596	5
1597	4
1598	1
1599	5
1600	4
1601	4
1602	5
1603	5
1604	5
1605	8
1606	10
1607	8
1608	8
1609	7
1610	4
1611	4
1612	4
1613	5
1614	5
1615	5
1616	7
1617	4
1618	1
1619	1
1620	2
1621	4
1622	4
1623	1
1624	1
1625	6
1626	5
1627	5
1628	4
1629	6
1630	5
1631	4
1632	5
1633	5
1634	5
1635	5
1636	5
1637	2
1638	5
1639	5
1640	5
1641	5
1642	5
1643	5
1644	5
1645	5
1646	4
1647	4
1648	4
1649	8
1650	2
1651	4
1652	10
1653	4
1654	8
1655	10
1656	10
1657	5
1658	5
1659	5
1660	1
1661	5
1662	5
1663	5
1664	5
1665	5
1666	5
1667	5
1668	5
1669	5
1670	1
1671	5
1672	5
1673	5
1674	5
1675	5
1676	5
1677	5
1678	5
1679	5
1680	5
1681	5
1682	5
1683	5
1684	2
1685	1
1686	6
1687	5
1688	5
1689	6
1690	6
1691	5
1692	5
1693	6
1694	6
1695	1
1696	5
1697	5
1698	6
1699	5
1700	5
1701	1
1702	5
1703	5
1704	6
1705	5
1706	9
1707	2
1708	5
1709	5
1710	5
1711	5
1712	5
1713	5
1714	9
1715	5
1716	1
1717	1
1718	5
1719	5
1720	6
1721	5
1722	5
1723	1
1724	5
1725	5
1726	1
1727	5
1728	6
1729	5
1730	5
1731	1
1732	5
1733	1
1734	5
1735	1
1736	5
1737	1
1738	5
1739	6
1740	5
1741	5
1742	5
1743	5
1744	7
1745	7
1746	4
1747	4
1748	7
1749	6
1750	4
1751	5
1752	4
1753	4
1754	10
1755	4
1756	10
1757	4
1758	4
1759	4
1760	2
1761	4
1762	4
1763	2
1764	4
1765	4
1766	2
1767	2
1768	4
1769	2
1770	5
1771	4
1772	4
1773	5
1774	8
1775	4
1776	4
1777	8
1778	8
1779	8
1780	8
1781	8
1782	10
1783	10
1784	8
1785	5
1786	5
1787	5
1788	5
1789	1
1790	4
1791	7
1792	5
1793	4
1794	5
1795	6
1796	5
1797	5
1798	5
1799	5
1800	5
1801	5
1802	5
1803	5
1804	5
1805	5
1806	5
1807	5
1808	5
1809	8
1810	5
1811	5
1812	10
1813	5
1814	5
1815	2
1816	4
1817	5
1818	4
1819	5
1820	5
1821	5
1822	10
1823	5
1824	5
1825	5
1826	5
1827	8
1828	7
1829	5
1830	1
1831	5
1832	5
1833	5
1834	6
1835	5
1836	1
1837	5
1838	5
1839	5
1840	5
1841	1
1842	5
1843	1
1844	5
1845	5
1846	5
1847	5
1848	5
1849	5
1850	5
1851	5
1852	5
1853	5
1854	5
1855	5
1856	5
1857	5
1858	5
1859	1
1860	5
1861	5
1862	5
1863	5
1864	5
1865	5
1866	5
1867	5
1868	5
1869	5
1870	6
1871	5
1872	5
1873	5
1874	5
1875	5
1876	5
1877	5
1878	5
1879	5
1880	5
1881	5
1882	5
1883	9
1884	6
1885	5
1886	5
1887	5
1888	5
1889	5
1890	5
1891	5
1892	5
1893	1
1894	5
1895	5
1896	5
1897	5
1898	5
1899	5
1900	5
1901	5
1902	1
1903	6
1904	5
1905	5
1906	2
1907	5
1908	5
1909	5
1910	5
1911	5
1912	5
1913	5
1914	5
1915	5
1916	5
1917	5
1918	5
1919	5
1920	4
1921	4
1922	10
1923	10
1924	5
1925	6
1926	4
1927	5
1928	5
1929	10
1930	8
1931	4
1932	10
1933	5
1934	8
1935	8
1936	8
1937	8
1938	8
1939	8
1940	8
1941	8
1942	8
1943	8
1944	8
1945	8
1946	4
1947	5
1948	5
1949	2
1950	4
1951	5
1952	5
1953	10
1954	5
1955	2
1956	4
1957	2
1958	4
1959	2
1960	2
1961	4
1962	1
1963	4
1964	4
1965	4
1966	5
1967	5
1968	6
1969	4
1970	5
1971	5
1972	5
1973	4
1974	1
1975	10
1976	4
1977	8
1978	4
1979	5
1980	5
1981	1
1982	5
1983	6
1984	5
1985	5
1986	1
1987	1
1988	6
1989	5
1990	4
1991	5
1992	4
1993	10
1994	5
1995	5
1996	4
1997	5
1998	4
1999	7
2000	9
2001	9
2002	5
2003	10
2004	4
2005	4
2006	10
2007	4
2008	4
2009	4
2010	4
2011	4
2012	4
2013	4
2014	5
2015	5
2016	4
2017	5
2018	6
2019	5
2020	5
2021	5
2022	5
2023	5
2024	5
2025	5
2026	2
2027	5
2028	4
2029	4
2030	4
2031	4
2032	4
2033	4
2034	4
2035	4
2036	4
2037	4
2038	4
2039	10
2040	2
2041	5
2042	5
2043	4
2044	4
2045	4
2046	4
2047	5
2048	4
2049	4
2050	4
2051	7
2052	4
2053	4
2054	4
2055	8
2056	7
2057	5
2058	4
2059	2
2060	1
2061	4
2062	4
2063	4
2064	4
2065	10
2066	1
2067	5
2068	10
2069	4
2070	10
2071	4
2072	10
2073	4
2074	4
2075	10
2076	4
2077	4
2078	5
2079	4
2080	2
2081	7
2082	4
2083	4
2084	4
2085	10
2086	4
2087	10
2088	4
2089	10
2090	8
2091	4
2092	4
2093	4
2094	2
2095	4
2096	2
2097	4
2098	2
2099	4
2100	4
2101	4
2102	7
2103	4
2104	4
2105	4
2106	4
2107	4
2108	10
2109	10
2110	4
2111	7
2112	4
2113	10
2114	5
2115	5
2116	5
2117	8
2118	4
2119	7
2120	5
2121	10
2122	10
2123	10
2124	10
2125	8
2126	1
2127	8
2128	2
2129	5
2130	4
2131	4
2132	4
2133	4
2134	4
2135	7
2136	4
2137	4
2138	4
2139	2
2140	5
2141	2
2142	4
2143	4
2144	4
2145	4
2146	4
2147	2
2148	4
2149	5
2150	5
2151	5
2152	6
2153	6
2154	6
2155	5
2156	6
2157	6
2158	5
2159	5
2160	5
2161	6
2162	4
2163	9
2164	10
2165	5
2166	5
2167	5
2168	4
2169	5
2170	2
2171	5
2172	4
2173	5
2174	2
2175	5
2176	5
2177	4
2178	4
2179	4
2180	4
2181	8
2182	4
2183	5
2184	10
2185	4
2186	5
2187	2
2188	5
2189	5
2190	1
2191	5
2192	5
2193	5
2194	8
2195	8
2196	5
2197	2
2198	5
2199	2
2200	5
2201	5
2202	5
2203	5
2204	4
2205	7
2206	4
2207	4
2208	6
2209	5
2210	4
2211	7
2212	6
2213	6
2214	7
2215	5
2216	1
2217	5
2218	5
2219	7
2220	7
2221	5
2222	4
2223	7
2224	4
2225	8
2226	7
2227	4
2228	8
2229	4
2230	4
2231	4
2232	4
2233	5
2234	8
2235	5
2236	5
2237	10
2238	2
2239	2
2240	5
2241	5
2242	5
2243	1
2244	4
2245	7
2246	4
2247	2
2248	4
2249	5
2250	4
2251	4
2252	7
2253	7
2254	8
2255	5
2256	4
2257	4
2258	2
2259	4
2260	5
2261	4
2262	4
2263	5
2264	5
2265	2
2266	4
2267	5
2268	5
2269	4
2270	4
2271	4
2272	5
2273	5
2274	5
2275	5
2276	10
2277	7
2278	5
2279	5
2280	8
2281	10
2282	4
2283	4
2284	4
2285	4
2286	8
2287	4
2288	4
2289	4
2290	5
2291	10
2292	10
2293	5
2294	2
2295	2
2296	2
2297	2
2298	4
2299	4
2300	4
2301	4
2302	4
2303	10
2304	4
2305	10
2306	5
2307	4
2308	7
2309	5
2310	7
2311	7
2312	7
2313	7
2314	7
2315	7
2316	10
2317	8
2318	10
2319	5
2320	6
2321	5
2322	9
2323	5
2324	5
2325	5
2326	5
2327	5
2328	4
2329	6
2330	9
2331	1
2332	1
2333	7
2334	10
2335	8
2336	1
2337	1
2338	10
2339	2
2340	2
2341	2
2342	2
2343	2
2344	4
2345	5
2346	6
2347	5
2348	10
2349	10
2350	4
2351	5
2352	8
2353	5
2354	10
2355	7
2356	4
2357	4
2358	5
2359	5
2360	6
2361	5
2362	4
2363	4
2364	2
2365	7
2366	4
2367	4
2368	4
2369	5
2370	4
2371	4
2372	4
2373	10
2374	5
2375	5
2376	7
2377	7
2378	4
2379	4
2380	4
2381	4
2382	5
2383	7
2384	4
2385	7
2386	7
2387	4
2388	5
2389	5
2390	5
2391	5
2392	5
2393	1
2394	5
2395	6
2396	5
2397	5
2398	4
2399	2
2400	5
2401	4
2402	5
2403	4
2404	5
2405	2
2406	8
2407	2
2408	2
2409	2
2410	4
2411	2
2412	4
2413	9
2414	9
2415	5
2416	1
2417	10
2418	10
2419	5
2420	4
2421	5
2422	5
2423	5
2424	5
2425	5
2426	5
2427	4
2428	4
2429	4
2430	4
2431	4
2432	5
2433	4
2434	9
2435	5
2436	5
2437	6
2438	5
2439	5
2440	5
2441	8
2442	2
2443	8
2444	5
2445	4
2446	5
2447	6
2448	9
2449	6
2450	6
2451	5
2452	9
2453	4
2454	2
2455	4
2456	5
2457	5
2458	1
2459	4
2460	5
2461	5
2462	1
2463	7
2464	4
2465	4
2466	4
2467	5
2468	4
2469	5
2470	4
2471	4
2472	4
2473	6
2474	4
2475	5
2476	5
2477	2
2478	4
2479	4
2480	4
2481	4
2482	4
2483	10
2484	4
2485	4
2486	4
2487	4
2488	2
2489	7
2490	5
2491	5
2492	1
2493	5
2494	4
2495	5
2496	5
2497	5
2498	5
2499	5
2500	5
2501	4
2502	5
2503	4
2504	5
2505	10
2506	4
2507	4
2508	10
2509	8
2510	10
2511	10
2512	8
2513	5
2514	4
2515	8
2516	7
2517	5
2518	5
2519	4
2520	7
2521	1
2522	4
2523	8
2524	7
2525	8
2526	4
2527	7
2528	7
2529	8
2530	8
2531	8
2532	7
2533	4
2534	9
2535	6
2536	5
2537	2
2538	2
2539	10
2540	5
2541	4
2542	4
2543	2
2544	2
2545	2
2546	2
2547	2
2548	2
2549	7
2550	5
2551	10
2552	4
2553	5
2554	5
2555	5
2556	7
2557	8
2558	8
2559	8
2560	6
2561	8
2562	10
2563	7
2564	10
2565	8
2566	10
2567	4
2568	4
2569	7
2570	8
2571	10
2572	8
2573	8
2574	10
2575	5
2576	5
2577	5
2578	5
2579	5
2580	2
2581	2
2582	4
2583	2
2584	5
2585	5
2586	5
2587	4
2588	4
2589	5
2590	5
2591	5
2592	6
2593	5
2594	4
2595	4
2596	4
2597	4
2598	5
2599	7
2600	5
2601	5
2602	4
2603	5
2604	5
2605	1
2606	9
2607	5
2608	5
2609	5
2610	1
2611	10
2612	5
2613	2
2614	2
2615	4
2616	4
2617	2
2618	4
2619	5
2620	2
2621	4
2622	4
2623	4
2624	4
2625	7
2626	10
2627	4
2628	7
2629	1
2630	1
2631	2
2632	2
2633	2
2634	2
2635	2
2636	2
2637	4
2638	2
2639	5
2640	10
2641	10
2642	4
2643	7
2644	5
2645	7
2646	4
2647	5
2648	4
2649	5
2650	5
2651	5
2652	5
2653	5
2654	9
2655	7
2656	5
2657	6
2658	1
2659	5
2660	2
2661	2
2662	4
2663	2
2664	2
2665	2
2666	2
2667	2
2668	4
2669	5
2670	2
2671	5
2672	5
2673	5
2674	1
2675	5
2676	1
2677	5
2678	5
2679	6
2680	5
2681	6
2682	5
2683	6
2684	1
2685	6
2686	6
2687	1
2688	6
2689	6
2690	6
2691	5
2692	1
2693	5
2694	10
2695	4
2696	7
2697	5
2698	5
2699	5
2700	5
2701	5
2702	2
2703	5
2704	4
2705	4
2706	5
2707	4
2708	2
2709	5
2710	5
2711	5
2712	5
2713	5
2714	8
2715	2
2716	7
2717	10
2718	8
2719	4
2720	4
2721	4
2722	2
2723	4
2724	4
2725	4
2726	4
2727	4
2728	4
2729	5
2730	5
2731	4
2732	5
2733	5
2734	6
2735	1
2736	9
2737	5
2738	5
2739	5
2740	5
2741	5
2742	6
2743	2
2744	5
2745	4
2746	2
2747	2
2748	5
2749	4
2750	4
2751	5
2752	5
2753	1
2754	5
2755	4
2756	5
2757	4
2758	5
2759	10
2760	10
2761	7
2762	2
2763	4
2764	5
2765	5
2766	5
2767	5
2768	5
2769	8
2770	10
2771	10
2772	5
2773	5
2774	4
2775	5
2776	9
2777	5
2778	5
2779	5
2780	5
2781	5
2782	5
2783	5
2784	5
2785	5
2786	4
2787	2
2788	4
2789	4
2790	5
2791	4
2792	10
2793	6
2794	10
2795	5
2796	4
2797	10
2798	5
2799	5
2800	4
2801	2
2802	4
2803	4
2804	2
2805	8
2806	4
2807	5
2808	10
2809	5
2810	4
2811	5
2812	8
2813	4
2814	2
2815	2
2816	7
2817	4
2818	10
2819	1
2820	1
2821	2
2822	10
2823	4
2824	4
2825	4
2826	2
2827	4
2828	4
2829	5
2830	4
2831	5
2832	5
2833	5
2834	5
2835	5
2836	5
2837	7
2838	2
2839	5
2840	4
2841	5
2842	5
2843	5
2844	5
2845	4
2846	4
2847	5
2848	5
2849	5
2850	5
2851	4
2852	1
2853	5
2854	10
2855	5
2856	5
2857	5
2858	4
2859	5
2860	5
2861	5
2862	9
2863	6
2864	5
2865	9
2866	5
2867	5
2868	4
2869	5
2870	2
2871	4
2872	6
2873	6
2874	5
2875	6
2876	6
2877	6
2878	10
2879	7
2880	5
2881	5
2882	10
2883	5
2884	4
2885	5
2886	6
2887	5
2888	6
2889	5
2890	5
2891	5
2892	5
2893	5
2894	6
2895	2
2896	5
2897	5
2898	5
2899	5
2900	4
2901	4
2902	5
2903	5
2904	5
2905	10
2906	7
2907	7
2908	4
2909	4
2910	5
2911	6
2912	4
2913	5
2914	9
2915	4
2916	4
2917	4
2918	5
2919	5
2920	5
2921	5
2922	5
2923	10
2924	4
2925	4
2926	4
2927	4
2928	4
2929	4
2930	5
2931	4
2932	1
2933	8
2934	4
2935	5
2936	6
2937	5
2938	5
2939	9
2940	5
2941	5
2942	5
2943	5
2944	6
2945	5
2946	4
2947	10
2948	8
2949	4
2950	4
2951	2
2952	2
2953	7
2954	5
2955	5
2956	1
2957	8
2958	4
2959	5
2960	5
2961	5
2962	5
2963	4
2964	8
2965	4
2966	4
2967	4
2968	2
2969	4
2970	4
2971	4
2972	10
2973	9
2974	4
2975	5
2976	5
2977	4
2978	4
2979	10
2980	5
2981	5
2982	4
2983	4
2984	5
2985	4
2986	4
2987	2
2988	6
2989	4
2990	5
2991	6
2992	6
2993	2
2994	4
2995	5
2996	5
2997	2
2998	5
2999	4
3000	4
3001	4
3002	6
3003	5
3004	6
3005	5
3006	4
3007	2
3008	6
3009	4
3010	8
3011	8
3012	10
3013	10
3014	4
3015	7
3016	1
3017	4
3018	4
3019	5
3020	1
3021	6
3022	4
3023	5
3024	7
3025	5
3026	5
3027	2
3028	4
3029	5
3030	5
3031	5
3032	5
3033	5
3034	4
3035	4
3036	10
3037	1
3038	2
3039	1
3040	10
3041	4
3042	4
3043	7
3044	4
3045	4
3046	5
3047	5
3048	5
3049	5
3050	5
3051	1
3052	5
3053	4
3054	1
3055	5
3056	4
3057	10
3058	7
3059	4
3060	6
3061	6
3062	6
3063	5
3064	5
3065	4
3066	5
3067	6
3068	5
3069	4
3070	5
3071	5
3072	5
3073	5
3074	5
3075	5
3076	5
3077	6
3078	5
3079	1
3080	6
3081	5
3082	1
3083	5
3084	5
3085	5
3086	5
3087	5
3088	10
3089	7
3090	4
3091	5
3092	5
3093	4
3094	5
3095	1
3096	4
3097	4
3098	4
3099	7
3100	5
3101	6
3102	5
3103	6
3104	6
3105	5
3106	5
3107	5
3108	5
3109	4
3110	6
3111	5
3112	5
3113	4
3114	5
3115	5
3116	5
3117	2
3118	4
3119	1
3120	4
3121	2
3122	5
3123	4
3124	10
3125	7
3126	5
3127	2
3128	6
3129	2
3130	5
3131	4
3132	5
3133	10
3134	5
3135	5
3136	1
3137	5
3138	5
3139	5
3140	2
3141	5
